#Leftward assignment
a<-c(11,11,21122)
d<<-c(3434,355)

#Rightward assignment
888848->b
88788888->>m

e=c(84884,38839)